%YAML:1.0
---
camera_matrix: !!opencv-matrix
   rows: 3
   cols: 3
   dt: d
   data: [ 664.18830560249557, 0., 339.21162643592766, 0.,
       664.18830560249557, 254.34449597904938, 0., 0., 1. ]
dist_coefficients: !!opencv-matrix
   rows: 1
   cols: 5
   dt: d
   data: [ -1.9692881301285452, 9.7588059051868576, 0.029854671142070487,
       0.17558964860370299, -24.148411011849216 ]
